0,489
0,484
0,481
1780,6
1780,5
1780,4
1780,3
1780,2
1780,1
1780,0
1779,6
1779,5
1779,4
1779,3
1779,2
1779,1
1779,0
0,471
0,469
0,466
1778,6
1778,5
1778,4
1778,3
1778,2
1778,1
1778,0
0,464
1777,6
1777,5
1777,4
1777,3
1777,2
1777,1
1777,0
0,463
1776,38
1776,37
1776,36
1776,35
14,17
0,422
3,2
3,1
3,3
10,255
10,261
10,23
10,273
10,269
10,139
10,133
10,29
11,23
11,19
11,21
11,29
11,5
11,13
9,5
1771,7
1771,6
1771,5
1771,4
1771,3
1771,2
1771,1
1771,0
1770,7
1770,6
1770,5
8,16
1770,4
8,13
1770,3
8,4
8,5
8,11
1770,2
1770,1
1770,0
1769,6
1769,5
1769,4
1769,3
1769,2
12,2
1769,1
12,1
1769,0
1760,5
1760,4
1760,3
1760,2
12,3
1760,1
1760,0
1759,5
1759,4
1759,3
1759,2
1759,1
1759,0
1758,3
1758,2
1758,1
1758,0
1756,7
1756,6
1756,5
1756,4
1756,3
1756,2
1756,1
1756,0
1755,4
1755,3
20,2
20,1
1755,2
1755,1
1755,0
1753,6
1753,5
20,3
1753,4
1753,3
19,2
19,1
1753,2
1753,1
1753,0
1748,7
1748,6
1748,5
1748,4
1748,3
19,3
1748,2
1748,1
1748,0
1746,3
1746,1
1742,3
1742,1
1740,4
1740,3
1740,1
1717,3
1717,1
1711,3
1711,1
1702,2
1702,1
1702,0
1699,6
1699,5
1699,4
1699,3
